76935115272240961648848260015784816397484366781409
65803877802277739232665297433653275392960386280574
33253588089704828685244850992509456606929938381813
07641881219082229426771776014920903187139946031519
45393907150983301651004718482145614419048933013522
52016842603524506506750985812724469796241820343772
46125228018954490416040408804460481322050632038936
15257870383999547716652632098749063994856830264387
22134230149409727758254489930318664850071025911212
58950313124916779837891246644912918106479332688660
08367183729673057189531146870838952964628270027074
91506926506535660951952152511808900583910053463987
17290148625951050309930498985871759579862463301444
94155244771896123803753659179436816972743875288345
88080630599751124683179600989969486666150453842480
18680642308100327357325944693104174612796789524121
76285939260056877824204796359751978943360115512004
65917678957377560630518899900788067788752014680422
68110223318710669485152695147035002605581342199788
38940643743042785245170715729448425893757880738921
63095741298727513531373344524413880875352494197745
70787111565347341127800959575833999294399522686555
67577267126161651963300932451917271766290174961778
81310561672987795053726435913242377067909135168811
97648499571686436677900558696137268309931045571991
05210227840198883469262738706843925385639367550968
89972072508611309740182620178660475013318840643304
05601101425581464116106098217070850169934498864472
05739457775294730403128135495846495109247792969036
81217999292030353567799979834152068458029663560723
45801515669116845366197268862223385626842451546103
34875271641149677316936253133771255088085842928594
26154475787674056046880596527147080907334218612733
91783907951695634604647645421479322348230571089981
51486514752637704061385458586446353641743342936277
26085693977219602668423788999479322750285007887013
81104410178297724232572121936498551792706397138892
09910236366125451413837668518167808234994066669487
50008862653379717097296680083899120358862778489814
72473507526507711726195428204024817308032716699185
84871191834182611765614796810044132746976212016864
13511347936986937880182677739839331534374661732283
20127672045448966178227670855445105959565239747731
06955319456875572093234061599719769572376513575384
35274731237360720396187139996561951460881553254050
40420123635282148661177010078314597689822960301657
46092574367603099778407568535627766018413412531328
90109204167591779188878034624197716711709541177599
98993562185696453994014474640964541662443472332013
96318088852297714984667967609269381002415954196893
18177208037001177127147732690273010310288498216188
33120284863296137035330910011731150207174163111988
54009772015730661429775181373247887494522707899896
05383700683464788982049093736290558745246499376412
71509408925687643126421180303278527250277823150866
91521018893989107944185664765266368709001746992327
77578976203489415053600043441634761818708219585107
68809222126122734580260087595365008889537247661432
44494532541209319947585319457117060591761906207655
36276990019814631696166366004140172781384579376341
31427667249897226780468408871661616982927804352660
70920176733158954025927431476068877388695849789782
06679869397170043601373538262110783589484450601350
77624539917173280744584440137036499085863817472995
17817168454764423894844432024151878904467214888614
28439856989973385327007277764170185084950010769730
95786786769648001645089404268399277669252339570338
44636174507766567617937380907571887156447979109556
00057597795856508909761485106848355888477009021890
50794032883850599057415844191393800438011559315203
75654832551896455957913129123088934441400878284387
59856672800150172236033297203014221753379008905864
49768304270600778547073457334671938367928835802083
85703497857141352202001740176969334663528683742873
55421016862072899811508104624919029055736055568930
01116625976017575731072253936361913789449217940293
57398888750381447664421056291386167930987280905295
94502337801817333592787932765957095888272739226601
33951755378041921248668897885783135873930706072929
98276375759180319784402646376917302000114834622680
89626580018055657133737342991488275410434568954994
87705919876131666602167921226716415846241192628742
44294198618488921523001278144409804366758770554301
54527130882918844418126874021117123988281678816262
95315875676887744658084737444805908980999236952812
07452630794331996679969636899568868504697644948721
84735826323442907810852238093440615389684712110488
07014370793329725154543537391694710630280964070009
89202127718790102476790461441159575493484140301289
60479480243953815246469318506856149423088713247782
55178738059492277624938164787492323589894948439840
31198752685610078122093337274218820750146792279617
94350384487937625781779893139007222747942865816286
88375943517839785319839062340147160355442662265618
50193664789038417546864400704372215661551097201687
70411141132345344651369408340896046584157077664729
06486344786940398827608601996674396708875367795726
61169638586303936859712013388660822556358849403734
52381460896085840074416619162930894468138982803406
92895716812559527640919236496040356736314901917581
